105
113
124
145
169
182
198
275
307
393
401
432
441
480
497
505
513
539
593
599
625
680
702
704
720
744
753
777
793
878
880
950
985
990
1033
1050
1059
1190
1211
1611
1947
2081
2166
2167
2249
2254
2270
2353
2361
2367
2376
2417
2418
2463
2525
2543
2574
2581
2661
2662
2673
2682
2753
2918
2940
2946
2952
2966
2990
2998
3006
3014
3022
3028
3034
3056
3064
3067
3070
3084
3100
3153
3156
3172
3188
3196
3204
3212
3217
3220
3233
3236
3244
3249
3252
3271
3274
3279
3282
3296
3304
3309
3312
3320
3328
3336
3344
3360
3368
3392
3400
3414
3422
3430
3446
3454
3473
