5 0 | 3 2 | : 8250
8 | 5 0 | 3 2 | 6 | : 2732
6 8 | 5 0 | 3 2 | : 1365
5 0 | 3 2 4 | : 1323
8 | 5 0 | 3 2 | 6 | 8 | : 1230
5 0 | 2 3 4 | : 862
5 0 | 2 | : 715
6 8 | 5 0 | 3 2 4 | : 519
8 | 0 | 3 2 | 6 | : 327
8 | 5 0 | 2 3 | 4 | 6 | : 298
5 0 | 2 3 | : 284
8 | 5 0 | 2 | 6 | : 251
8 | 5 0 | 3 2 4 | 6 | : 219
8 9 | 5 0 | 3 2 | 6 | 9 | : 216
8 | 0 | 3 2 4 | 6 | : 204
8 | 5 0 | 3 2 | : 199
6 8 | 5 0 | 2 3 4 | : 198
8 | 5 0 | 2 3 4 | 6 | : 195
8 7 | 5 0 | 3 2 | 6 | 8 7 | : 181
5 0 | 3 2 | 4 | : 173
6 8 | 5 0 | 2 3 | : 155
5 0 | 2 3 | 4 | : 148
8 7 | 5 0 | 3 2 | 6 | : 129
8 7 | 5 0 | 2 3 | 6 | 8 7 | : 128
8 9 | 5 0 | 3 2 | 6 | : 125
8 7 | 8 | 0 | 2 3 | 6 | 8 | : 118
8 7 | 5 0 | 2 3 4 | 6 | 8 7 | : 117
8 9 | 5 0 | 2 3 | 6 | 9 | : 107
8 11 | 5 0 | 3 2 | 6 | 9 | : 106
8 7 | 2 | 0 | 2 3 | 4 | 6 | 8 | : 103
9 | 5 0 | 3 2 4 | : 103
8 7 | 0 | 3 2 | 4 | 6 | : 101
8 7 | 0 | 2 3 | 4 | 6 | 8 | : 98
8 7 | 0 | 3 2 4 | 6 | : 96
6 8 | 5 0 | 3 2 | 4 | : 88
8 7 | 0 | 2 3 4 | 6 | 8 | : 85
8 | 0 | 3 2 | 6 | 8 | : 83
6 8 | 5 0 | 2 3 | 4 | : 82
8 | 5 0 | 2 3 | 6 | : 80
8 | 5 0 | 2 3 | 6 | 8 | : 80
8 7 | 5 0 | 3 2 4 | 6 | : 76
6 8 7 | 5 0 | 3 2 | : 75
6 8 7 | 5 0 | 3 2 4 | : 69
8 7 | 5 0 | 2 3 | 4 | 6 | : 69
8 7 | 0 | 2 3 | 4 | 6 | : 69
8 | 5 0 | 3 2 4 | 6 | 8 | : 68
8 7 | 0 | 2 3 4 | 6 | 8 7 | : 67
10 | 5 0 | 3 2 | 6 | : 60
8 7 | 0 | 3 2 | 6 | 8 | : 59
10 8 | 0 | 2 3 4 | 6 | : 58
8 7 | 5 0 | 2 3 4 | 6 | : 58
8 | 5 0 | 3 2 | 4 | 6 | : 56
8 9 | 5 0 | 2 3 4 | 6 | : 55
9 | 5 0 | 3 2 | 9 | : 52
8 | 0 | 2 3 | 6 | 8 | : 51
8 7 | 0 | 3 2 4 | 6 | 8 7 | : 48
5 0 | 1 | 3 2 | : 48
10 11 8 | 5 0 | 3 2 | 6 | 9 | : 47
6 8 | 5 0 | 3 2 | 8 | : 47
9 | 5 0 | 2 3 4 | : 46
9 | 5 0 | 2 3 | 4 | : 46
8 9 | 5 0 | 2 3 | 4 | 6 | 9 | : 45
6 8 7 | 5 0 | 2 3 | 4 | : 43
8 7 | 8 | 0 | 2 3 | 4 | 6 | : 41
8 7 | 0 | 3 2 4 | 6 | 8 | : 41
8 | 5 | 5 0 | 3 2 | 6 | : 39
6 8 7 | 5 0 | 2 3 4 | : 39
9 | 5 0 | 3 2 | 6 | 9 | : 35
8 7 | 0 | 2 3 4 | 6 | : 34
9 10 8 | 5 0 | 3 2 | 6 | 9 | : 34
8 7 | 8 | 0 | 2 3 4 | 6 | 8 | : 33
8 9 | 9 | 5 0 | 3 2 | 6 | 9 | : 33
6 8 9 | 5 0 | 3 2 | 9 | : 32
9 | 5 0 | 3 2 | : 32
8 7 | 5 0 | 3 2 4 | 6 | 8 7 | : 32
6 8 7 | 5 0 | 3 2 | 4 | : 32
8 7 | 0 | 3 2 | 6 | : 31
8 7 | 0 | 3 2 | 6 | 8 7 | : 30
6 8 9 | 5 0 | 3 2 | : 30
8 7 | 8 | 0 | 3 2 | 6 | : 30
6 8 | 5 0 | 2 | : 28
8 | 9 | 5 0 | 3 2 | 6 | : 27
8 7 | 8 | 0 | 2 3 | 4 | 6 | 8 | : 27
8 7 | 0 | 2 3 | 6 | 8 | : 26
8 7 | 5 0 | 2 3 | 6 | : 25
8 | 5 | 5 0 | 2 | 6 | : 25
8 | 5 0 | 2 3 | 4 | 6 | 8 | : 24
8 7 | 5 0 | 2 3 | 4 | 6 | 8 7 | : 24
8 | 0 | 2 3 | 4 | 6 | 8 | : 23
8 9 | 5 0 | 2 3 4 | 6 | 9 | : 23
8 | 0 | 3 2 | 4 | 6 | : 22
8 9 | 5 0 | 3 2 4 | 6 | 9 | : 21
8 7 | 5 0 | 3 2 | 4 | 6 | : 21
6 8 7 | 5 0 | 3 2 | 8 7 | : 21
6 8 | 5 | 5 0 | 3 2 | : 20
5 | 5 0 | 3 2 | : 19
8 9 | 5 0 | 3 2 4 | 6 | : 18
8 9 | 5 0 | 2 3 | 4 | 6 | : 18
6 8 7 | 5 0 | 2 3 | 4 | 8 7 | : 16
8 10 | 5 0 | 2 | 6 | : 16
8 7 | 5 0 | 2 3 4 | 6 | 8 | : 15
9 8 | 5 0 | 3 2 | 6 | 9 | : 14
8 9 11 | 5 0 | 3 2 | 6 | 9 | : 14
6 8 7 | 5 0 | 2 3 | 8 7 | : 14
6 8 7 | 5 0 | 2 3 | : 14
9 | 0 | 3 2 4 | 6 | 9 | : 14
8 7 | 8 | 0 | 3 2 4 | 6 | : 13
8 9 | 9 | 0 | 3 2 4 | 6 | 9 | : 13
6 8 | 5 0 | 2 3 4 | 8 | : 12
6 8 7 | 5 0 | 2 3 4 | 8 7 | : 12
8 | 0 | 2 3 | 4 | 6 | : 12
9 8 | 9 | 0 | 3 2 4 | 6 | 9 | : 12
8 10 | 5 | 5 0 | 3 2 | 6 | : 12
9 10 11 | 5 0 | 3 2 | 6 | 9 11 | : 12
9 | 0 | 2 3 4 | 6 | 9 | : 11
8 10 | 5 | 5 0 | 2 | 6 | : 10
6 8 | 5 0 | 2 3 | 4 | 8 | : 10
8 7 | 8 | 0 | 3 2 | 6 | 8 7 | : 9
8 7 | 0 | 2 3 | 6 | : 9
8 7 | 0 | 3 2 | 4 | 6 | 8 | : 9
8 9 | 0 | 2 3 4 | 6 | 9 | : 9
8 7 | 8 | 0 | 3 2 | 4 | 6 | 8 | : 9
9 | 5 0 | 3 2 4 | 9 | : 9
10 8 | 5 0 | 3 2 | 6 | : 8
8 | 5 0 | 2 | : 8
8 10 | 5 0 | 3 2 | 6 | : 8
6 8 | 5 0 | 1 | 3 2 | : 8
8 10 | 5 0 | 3 2 | 6 | 8 | : 8
8 9 | 9 | 0 | 3 2 | 6 | 9 | : 8
6 8 9 | 5 0 | 3 2 4 | 9 | : 8
8 | 5 0 | 2 3 4 | 6 | 8 | : 8
10 8 | 0 | 2 3 | 4 | 6 | : 8
8 | 5 0 | 2 | 6 | 8 | : 7
9 11 | 5 0 | 3 2 | 6 | : 7
8 7 | 0 | 2 3 | 4 | 6 | 8 7 | : 7
8 | 5 | 0 | 3 2 | 6 | : 7
9 | 0 | 3 2 | 6 | 9 | : 7
8 7 | 0 | 2 3 | 6 | 8 7 | : 6
8 | 0 | 2 3 4 | 6 | : 6
8 | 5 0 | 2 3 | 4 | : 6
8 7 | 2 | 0 | 2 3 4 | 6 | 8 | : 6
10 11 | 5 0 | 3 2 4 | 6 | 9 | : 6
8 7 | 2 | 0 | 2 3 | 4 | 6 | : 6
10 8 | 0 | 3 2 4 | 6 | : 6
10 | 5 0 | 3 2 4 | 6 | : 6
6 8 9 | 5 0 | 3 2 4 | : 5
6 8 7 | 5 0 | 3 2 4 | 8 7 | : 5
9 8 | 9 | 0 | 3 2 | 6 | 9 | : 5
7 | 5 0 | 2 3 | 4 | 6 | : 5
9 | 5 0 | 3 2 | 4 | 6 | 9 | : 5
9 | 7 | 5 0 | 3 2 | 9 | : 5
8 | 0 | 2 3 4 | 6 | 8 | : 5
8 9 | 5 0 | 3 2 | 4 | 6 | 9 | : 5
9 10 | 5 0 | 3 2 | 6 | 9 | : 5
8 7 | 5 0 | 3 2 | 4 | 6 | 8 7 | : 5
9 | 5 0 | 2 3 4 | 9 | : 5
9 | 5 0 | 1 | 3 2 | : 4
9 10 11 8 | 5 0 | 3 2 | 6 | 9 11 | : 4
8 10 11 | 5 0 | 3 2 4 | 6 | 9 | : 4
8 | 7 | 5 0 | 3 2 | 6 | : 4
8 9 | 9 | 5 0 | 2 3 4 | 6 | 9 | : 4
9 8 | 5 0 | 2 3 4 | 6 | : 4
9 8 | 7 | 5 0 | 2 3 | 4 | 6 | 9 | : 4
8 7 | 2 | 0 | 2 3 | 4 | 6 | 8 7 | : 4
8 7 | 2 | 0 | 2 3 | 6 | : 4
8 7 | 8 | 0 | 3 2 | 4 | 6 | : 4
8 10 11 | 5 0 | 3 2 | 6 | 9 | : 4
8 7 | 0 | 1 | 2 3 | 4 | 6 | 8 | : 4
8 | 5 0 | 3 2 4 | : 4
9 | 7 | 5 0 | 3 2 | : 4
8 9 | 7 | 5 0 | 3 2 | 6 | 9 | : 4
8 7 | 8 | 0 | 2 3 4 | 6 | : 4
9 | 5 0 | 3 2 4 | 6 | 9 | : 3
8 | 9 | 0 | 3 2 | 6 | : 3
6 8 9 | 5 0 | 2 3 4 | : 3
9 10 | 0 | 2 3 4 | 6 | 9 | : 3
8 | 5 0 | 3 2 | 4 | 6 | 8 | : 3
5 0 | 3 2 | 3 2 4 | : 3
8 7 | 0 | 1 | 2 3 | 4 | 6 | 8 7 | : 3
6 8 | 5 | 5 0 | 2 3 | : 3
8 10 9 | 0 | 3 2 4 | 6 | 9 | : 3
9 | 5 0 | 2 3 4 | 6 | 9 | : 3
9 11 8 | 5 0 | 3 2 | 6 | 9 11 | : 3
8 7 | 5 0 | 2 3 | 4 | 6 | 8 | : 3
9 | 5 0 | 2 3 | : 3
5 0 | 1 | 3 2 4 | : 3
8 9 | 9 | 5 0 | 2 | 6 | 9 | : 3
8 9 | 5 0 | 3 2 | 4 | 6 | : 3
9 | 5 0 | 3 2 | 6 | : 3
9 | 5 0 | 3 2 | 4 | : 3
8 9 | 7 | 0 | 3 2 4 | 6 | 9 | : 3
8 7 | 5 0 | 3 2 | 4 | 6 | 8 | : 3
8 9 | 0 | 2 3 | 4 | 6 | 9 | : 3
10 8 | 0 | 3 2 | 6 | : 3
9 | 5 0 | 3 2 | 4 | 9 | : 3
8 7 | 5 | 5 0 | 3 2 4 | 6 | 8 7 | : 2
8 9 | 0 | 3 2 4 | 6 | 9 | : 2
9 10 | 0 | 3 2 | 6 | 9 | : 2
9 8 | 5 0 | 3 2 4 | 6 | 9 | : 2
9 8 | 5 0 | 3 2 | 6 | : 2
6 8 | 5 0 | 3 2 4 | 8 | : 2
8 10 | 5 | 0 | 3 2 4 | 6 | : 2
9 10 11 | 5 0 | 1 | 3 2 | 6 | 9 11 | : 2
8 | 5 | 5 0 | 3 2 4 | 6 | : 2
8 | 5 0 | 1 | 2 3 4 | 6 | 8 | : 2
8 7 | 4 | 0 | 2 3 | 4 | 6 | 8 | : 2
6 8 9 | 9 | 5 0 | 3 2 | : 2
8 9 | 7 | 0 | 2 3 4 | 6 | 9 | : 2
9 10 8 | 5 0 | 3 2 4 | 6 | 9 | : 2
10 8 | 5 0 | 2 3 4 | 6 | : 2
10 8 | 5 0 | 3 2 4 | 6 | : 2
8 10 | 7 | 5 | 0 | 3 2 4 | 6 | : 2
8 7 | 8 | 5 0 | 3 2 4 | 6 | 8 7 | : 2
8 9 10 | 5 0 | 3 2 | 6 | : 2
9 | 5 0 | 2 | : 2
8 7 | 5 0 | 2 | 6 | : 2
8 9 | 9 | 5 0 | 3 2 4 | 6 | 9 | : 2
8 | 5 0 | 2 3 | : 2
10 8 | 0 | 3 2 | 4 | 6 | : 2
6 8 9 | 5 0 | 2 | 9 | : 2
8 10 9 | 0 | 2 3 | 6 | 9 | : 2
8 9 | 0 | 3 2 | 6 | 9 | : 2
8 10 9 | 0 | 3 2 | 6 | 9 | : 2
8 7 | 5 0 | 3 2 4 | 6 | 8 | : 2
8 | 5 | 0 | 3 2 4 | 6 | : 2
6 8 9 | 5 0 | 2 3 | : 2
8 | 5 | 5 0 | 3 2 | : 2
9 10 11 8 | 5 0 | 1 | 3 2 | 6 | 9 11 | : 2
8 9 | 9 | 5 0 | 2 | 6 | : 2
9 10 | 5 | 5 0 | 3 2 | 6 | 9 | : 2
8 10 9 | 5 0 | 3 2 | 6 | 9 | : 2
10 11 | 5 | 5 0 | 2 | 6 | 11 | : 2
5 | 5 | 5 0 | 2 | : 2
5 | 5 0 | 2 | : 2
8 10 | 5 0 | 2 3 4 | 6 | : 2
5 | 5 | 5 0 | 3 2 | : 2
8 7 | 5 0 | 2 3 | 6 | 8 | : 2
8 7 | 5 0 | 3 2 | 6 | 8 | : 2
8 7 | 4 | 0 | 3 2 | 6 | 8 | : 1
8 | 9 | 5 0 | 3 2 | 4 | 6 | : 1
8 9 | 5 0 | 2 | 6 | : 1
9 | 5 0 | 2 | 6 | 9 | : 1
5 0 | 3 2 | 2 3 4 | : 1
6 8 7 | 5 0 | 3 2 | 3 2 4 | : 1
8 9 | 9 | 5 0 | 3 2 | 6 | : 1
8 7 | 5 | 0 | 2 3 4 | 6 | : 1
8 10 | 5 0 | 3 2 4 | 6 | 8 | : 1
10 8 | 5 | 0 | 3 2 4 | 6 | : 1
8 7 | 5 | 5 0 | 3 2 | 6 | 8 7 | : 1
9 | 5 0 | 2 3 | 6 | 9 | : 1
8 10 9 | 5 0 | 2 3 | 6 | 9 | : 1
8 11 | 5 0 | 3 2 | 6 | : 1
8 | 9 | 5 0 | 2 3 4 | 6 | : 1
8 | 5 | 0 | 3 2 | 4 | 6 | : 1
8 7 | 4 | 5 0 | 3 2 | 6 | 8 7 | : 1
10 | 0 | 2 3 4 | 6 | : 1
10 11 8 | 5 0 | 3 2 4 | 6 | : 1
9 10 | 5 0 | 3 2 | 6 | : 1
10 | 5 0 | 2 | 6 | : 1
8 9 | 7 | 9 | 5 0 | 3 2 | 6 | 9 | : 1
9 10 11 | 5 | 5 0 | 3 2 | 6 | 9 11 | : 1
10 | 0 | 3 2 | 6 | : 1
9 11 10 8 | 5 0 | 3 2 | 6 | 9 11 | : 1
8 | 5 | 5 0 | 3 2 4 | : 1
6 8 9 | 5 0 | 1 | 3 2 | : 1
10 | 0 | 3 2 4 | 6 | : 1
8 10 | 7 | 0 | 2 3 4 | 6 | : 1
9 | 7 | 5 0 | 3 2 4 | 6 | 9 | : 1
9 8 | 0 | 2 3 4 | 6 | 9 | : 1
6 8 9 | 9 | 5 0 | 3 2 | 9 | : 1
8 9 10 | 5 0 | 3 2 4 | 6 | 9 | : 1
8 9 | 0 | 3 2 | 4 | 6 | 9 | : 1
8 | 5 0 | 2 3 4 | : 1
8 7 | 5 0 | 2 3 | : 1
9 10 | 5 0 | 1 | 3 2 | 6 | 9 | : 1
10 8 | 7 | 5 | 0 | 2 3 | 6 | : 1
5 0 | 1 | 2 3 4 | : 1
9 | 5 0 | 2 3 | 4 | 9 | : 1
9 8 | 7 | 5 0 | 3 2 | 4 | 6 | 9 | : 1
8 9 10 | 5 0 | 2 3 4 | 6 | : 1
9 10 | 5 0 | 3 2 4 | 6 | : 1
6 8 9 | 5 0 | 1 | 3 2 | 9 | : 1
8 10 9 | 0 | 2 3 4 | 6 | 9 | : 1
8 7 | 8 | 5 0 | 3 2 | 6 | 8 7 | : 1
6 8 | 5 | 5 0 | 3 2 4 | : 1
6 8 9 | 5 0 | 1 | 3 2 4 | : 1
6 8 9 | 5 0 | 1 | 3 2 4 | 9 | : 1
9 8 | 5 0 | 2 3 4 | 6 | 9 | : 1
8 9 | 7 | 5 | 0 | 3 2 4 | 6 | 9 | : 1
9 10 11 | 5 | 5 0 | 2 | 6 | 9 11 | : 1
6 8 7 | 8 | 5 0 | 3 2 | 8 7 | : 1
8 9 | 7 | 5 0 | 2 3 | 4 | 6 | 9 | : 1
10 11 | 5 | 5 0 | 2 | 6 | 9 | : 1
6 8 9 | 5 0 | 2 3 | 9 | : 1
8 9 | 5 0 | 2 3 4 | 6 | 8 | : 1
8 | 0 | 2 | 6 | : 1
8 | 9 | 0 | 3 2 | 4 | 6 | : 1
10 8 | 7 | 5 0 | 2 3 | 4 | 6 | : 1
8 7 | 5 0 | 3 2 4 | : 1
9 | 9 | 5 0 | 3 2 4 | 9 | : 1
8 10 | 0 | 3 2 | 6 | : 1
8 7 | 0 | 3 2 | 2 3 4 | 6 | 8 | : 1
5 0 | 3 2 | 3 2 | : 1
8 7 | 8 | 0 | 3 2 | 6 | 8 | : 1
8 10 | 0 | 3 2 4 | 6 | : 1
9 8 | 9 | 5 0 | 3 2 | 6 | 9 | : 1
9 | 5 0 | 3 2 4 | 6 | : 1
9 8 | 7 | 5 0 | 3 2 | 6 | 9 | : 1
8 9 | 5 0 | 1 | 3 2 | 6 | 9 | : 1
6 8 7 | 5 0 | 3 2 | 4 | 8 7 | : 1
8 7 | 4 | 5 0 | 3 2 | 6 | 8 | : 1
9 | 7 | 5 0 | 2 3 4 | : 1
9 8 | 9 | 5 0 | 3 2 | 4 | 6 | 9 | : 1
5 | 3 2 | : 1
9 | 5 0 | 2 | 9 | : 1
9 11 | 5 0 | 3 2 | 6 | 9 | : 1
5 0 | 3 2 | 3 2 | 4 | : 1
10 | 5 | 5 0 | 2 | 6 | : 1
8 9 | 5 0 | 2 3 | 6 | : 1
8 7 | 0 | 1 | 2 3 4 | 6 | 8 7 | : 1
8 9 | 5 0 | 3 2 | 3 2 4 | 6 | : 1
9 | 5 0 | 3 2 | 3 2 | 9 | : 1
8 10 | 5 0 | 3 2 | 4 | 6 | : 1
8 7 | 8 | 0 | 3 2 4 | 6 | 8 | : 1
9 | 5 0 | 1 | 3 2 | 6 | : 1
8 9 | 7 | 5 0 | 3 2 | 4 | 6 | 9 | : 1
8 10 11 | 5 0 | 3 2 | 6 | : 1
10 11 8 | 5 | 5 0 | 2 | 6 | 11 | : 1
9 11 | 5 0 | 3 2 | 6 | 9 11 | : 1
8 7 | 4 | 0 | 2 3 4 | 6 | 8 | : 1
9 10 | 0 | 3 2 4 | 6 | 9 | : 1
8 10 | 5 0 | 3 2 4 | 6 | : 1
8 9 10 | 5 0 | 3 2 | 6 | 9 | : 1
8 7 | 2 | 5 0 | 2 3 | 4 | 6 | 8 | : 1
