5 0 | 3 2 | : 7835
8 | 5 0 | 3 2 | 6 | : 2082
6 8 | 5 0 | 3 2 | : 1320
5 0 | 3 2 4 | : 1312
8 | 5 0 | 3 2 | 6 | 8 | : 1211
5 0 | 2 3 4 | : 860
5 0 | 2 | : 668
8 | -1 | -1 5 0 | 3 2 | 6 | : 650
6 8 | 5 0 | 3 2 4 | : 447
-1 | -1 5 0 | 3 2 | : 415
8 | 0 | 3 2 | 6 | : 327
8 | 5 0 | 2 3 | 4 | 6 | : 298
5 0 | 2 3 | : 284
8 | 5 0 | 3 2 4 | 6 | : 217
8 9 | 5 0 | 3 2 | 6 | 9 | : 210
8 | 0 | 3 2 4 | 6 | : 204
6 8 | 5 0 | 2 3 4 | : 196
8 | 5 0 | 2 3 4 | 6 | : 195
8 7 | 5 0 | 3 2 | 6 | 8 7 | : 181
8 | 5 0 | 3 2 | : 176
5 0 | 3 2 | 4 | : 173
6 8 | 5 0 | 2 3 | : 150
5 0 | 2 3 | 4 | : 147
8 | 5 0 | 2 | 6 | : 145
8 7 | 5 0 | 2 3 | 6 | 8 7 | : 128
8 9 | 5 0 | 3 2 | 6 | : 125
8 7 | 5 0 | 3 2 | 6 | : 120
8 7 | 8 | 0 | 2 3 | 6 | 8 | : 118
8 7 | 5 0 | 2 3 4 | 6 | 8 7 | : 115
8 11 | 5 0 | 3 2 | 6 | 9 | : 106
8 | -1 | -1 5 0 | 2 | 6 | : 106
9 | 5 0 | 3 2 4 | : 103
8 7 | -1 2 | 0 | 2 3 | 4 | 6 | 8 | : 103
8 7 | 0 | 3 2 | 4 | 6 | : 100
8 | 0 | 3 2 | 6 | 8 | : 83
8 7 | 0 | 3 2 4 | 6 | : 83
8 | 5 0 | 2 3 | 6 | 8 | : 80
8 7 | 0 | 2 3 4 | 6 | 8 | : 78
6 8 | 5 0 | 2 3 | 4 | : 78
6 8 7 | 5 0 | 3 2 | : 75
8 7 | 0 | 2 3 | 4 | 6 | 8 | : 75
6 8 | 5 0 | 3 2 | 4 | : 75
8 7 | 5 0 | 3 2 4 | 6 | : 74
6 8 | -1 | -1 5 0 | 3 2 4 | : 72
8 9 | -1 | -1 5 0 | 2 3 | 6 | 9 | : 71
8 | 5 0 | 2 3 | 6 | : 70
8 7 | 0 | 2 3 | 4 | 6 | : 69
8 | 5 0 | 3 2 4 | 6 | 8 | : 68
8 7 | 0 | 2 3 4 | 6 | 8 7 | : 67
6 8 7 | 5 0 | 3 2 4 | : 65
8 7 | 5 0 | 2 3 | 4 | 6 | : 63
10 | 5 0 | 3 2 | 6 | : 59
8 7 | 5 0 | 2 3 4 | 6 | : 58
10 8 | 0 | 2 3 4 | 6 | -1 | : 58
8 | 5 0 | 3 2 | 4 | 6 | : 56
8 9 | 5 0 | 2 3 4 | 6 | : 55
9 | 5 0 | 3 2 | 9 | : 52
8 | 0 | 2 3 | 6 | 8 | : 51
8 7 | 0 | 3 2 | 6 | 8 | : 48
8 7 | 0 | 3 2 4 | 6 | 8 7 | : 48
10 11 8 | 5 0 | 3 2 | 6 | 9 | : 47
-1 | -1 5 0 | 2 | : 47
6 8 | 5 0 | 3 2 | 8 | : 47
9 | 5 0 | 2 3 4 | : 46
9 | 5 0 | 2 3 | 4 | : 46
6 8 | -1 | -1 5 0 | 3 2 | : 45
8 9 | 5 0 | 2 3 | 4 | 6 | 9 | : 45
5 0 | 1 | 3 2 | : 42
8 7 | 8 | 0 | 2 3 | 4 | 6 | : 41
6 8 7 | 5 0 | 2 3 4 | : 39
8 | 5 | -1 5 0 | 3 2 | 6 | : 39
6 8 7 | 5 0 | 2 3 | 4 | : 38
8 7 | 0 | 3 2 4 | 6 | 8 | : 38
8 9 | 5 0 | 2 3 | 6 | 9 | : 36
9 | 5 0 | 3 2 | 6 | 9 | : 35
8 7 | 0 | 2 3 4 | 6 | : 34
9 10 8 | 5 0 | 3 2 | 6 | 9 | : 34
8 7 | 8 | 0 | 2 3 4 | 6 | 8 | : 33
8 9 | 9 | 5 0 | 3 2 | 6 | 9 | : 33
9 | 5 0 | 3 2 | : 32
8 7 | 5 0 | 3 2 4 | 6 | 8 7 | : 32
6 8 9 | 5 0 | 3 2 | 9 | : 31
8 7 | 0 | 3 2 | 6 | 8 7 | : 30
8 7 | 0 | 3 2 | 6 | : 30
8 7 | 8 | 0 | 3 2 | 6 | : 30
6 8 | 5 0 | 2 | : 28
8 7 | 8 | 0 | 2 3 | 4 | 6 | 8 | : 27
8 | 9 | 5 0 | 3 2 | 6 | : 27
6 8 7 | 5 0 | 3 2 | 4 | : 27
8 7 | 0 | 2 3 | 6 | 8 | : 25
8 7 | 5 0 | 2 3 | 6 | : 25
6 8 9 | 5 0 | 3 2 | : 25
8 | 5 | -1 5 0 | 2 | 6 | : 25
8 | 5 0 | 2 3 | 4 | 6 | 8 | : 24
8 7 | -1 | 0 | 2 3 | 4 | 6 | 8 | : 23
8 | -1 | -1 5 0 | 3 2 | : 23
8 | 0 | 2 3 | 4 | 6 | 8 | : 23
8 | 0 | 3 2 | 4 | 6 | : 22
8 9 | 5 0 | 3 2 4 | 6 | 9 | : 21
6 8 7 | 5 0 | 3 2 | 8 7 | : 21
8 9 | 5 0 | 2 3 4 | 6 | 9 | : 20
6 8 | 5 | -1 5 0 | 3 2 | : 20
8 | -1 | -1 5 0 | 3 2 | 6 | 8 | : 19
8 7 | 5 0 | 3 2 | 4 | 6 | : 19
8 9 | 5 0 | 3 2 4 | 6 | : 18
8 9 | 5 0 | 2 3 | 4 | 6 | : 18
6 8 7 | 5 0 | 2 3 | 4 | 8 7 | : 16
8 10 | 5 0 | 2 | 6 | : 16
5 | -1 5 0 | 3 2 | : 15
8 7 | 5 0 | 2 3 4 | 6 | 8 | : 15
9 8 | 5 0 | 3 2 | 6 | 9 | : 14
8 9 11 | 5 0 | 3 2 | 6 | 9 | : 14
8 7 | 5 0 | 2 3 | 4 | 6 | 8 7 | : 14
9 | 0 | 3 2 4 | 6 | 9 | : 14
8 7 | -1 | 0 | 3 2 4 | 6 | : 13
6 8 | -1 | -1 5 0 | 3 2 | 4 | : 13
8 7 | 8 | 0 | 3 2 4 | 6 | : 13
8 9 | 9 | 0 | 3 2 4 | 6 | 9 | : 13
6 8 7 | 5 0 | 2 3 4 | 8 7 | : 12
6 8 | 5 0 | 2 3 4 | 8 | : 12
9 8 | 9 | 0 | 3 2 4 | 6 | 9 | : 12
6 8 7 | 5 0 | 2 3 | : 12
8 10 | 5 | -1 5 0 | 3 2 | 6 | : 12
8 | 0 | 2 3 | 4 | 6 | : 12
8 7 | -1 | 0 | 3 2 | 6 | 8 | : 11
9 10 11 | 5 0 | 3 2 | 6 | 9 11 | : 11
9 | 0 | 2 3 4 | 6 | 9 | : 11
6 8 7 | 5 0 | 2 3 | 8 7 | : 11
-1 | -1 5 0 | 3 2 4 | : 11
8 7 | -1 | 5 0 | 2 3 | 4 | 6 | 8 7 | : 10
6 8 | 5 0 | 2 3 | 4 | 8 | : 10
8 | -1 | -1 5 0 | 2 3 | 6 | : 10
8 10 | 5 | -1 5 0 | 2 | 6 | : 10
8 7 | 8 | 0 | 3 2 | 6 | 8 7 | : 9
8 9 | 0 | 2 3 4 | 6 | 9 | : 9
8 7 | 8 | 0 | 3 2 | 4 | 6 | 8 | : 9
8 7 | 0 | 2 3 | 6 | : 9
8 7 | -1 | 5 0 | 3 2 | 6 | : 9
9 | 5 0 | 3 2 4 | 9 | : 9
6 8 | 5 0 | 1 | 3 2 | : 8
10 8 | 0 | 2 3 | 4 | 6 | -1 | : 8
6 8 9 | 5 0 | 3 2 4 | 9 | : 8
8 | 5 0 | 2 3 4 | 6 | 8 | : 8
8 10 | 5 0 | 3 2 | 6 | 8 | : 8
8 9 | 9 | 0 | 3 2 | 6 | 9 | : 8
9 11 | 5 0 | 3 2 | 6 | : 7
8 | 5 | 0 | 3 2 | 6 | : 7
10 8 | 5 0 | 3 2 | 6 | : 7
8 7 | 0 | 2 3 | 4 | 6 | 8 7 | : 7
8 7 | -1 | 0 | 3 2 | 4 | 6 | 8 | : 7
9 | 0 | 3 2 | 6 | 9 | : 7
8 7 | -1 | 0 | 2 3 4 | 6 | 8 | : 7
8 | 0 | 2 3 4 | 6 | : 6
8 | 5 0 | 2 3 | 4 | : 6
8 7 | -1 | 5 0 | 2 3 | 4 | 6 | : 6
8 7 | -1 2 | 0 | 2 3 4 | 6 | 8 | : 6
8 9 | -1 | -1 5 0 | 3 2 | 6 | 9 | : 6
8 7 | -1 2 | 0 | 2 3 | 4 | 6 | : 6
8 7 | 0 | 2 3 | 6 | 8 7 | : 6
8 10 | 5 0 | 3 2 | 6 | : 6
10 8 | 0 | 3 2 4 | 6 | -1 | : 6
10 11 | 5 0 | 3 2 4 | 6 | 9 | : 6
-1 | -1 5 0 | 1 | 3 2 | : 6
6 8 9 | 5 0 | 3 2 4 | : 5
9 8 | 9 | 0 | 3 2 | 6 | 9 | : 5
9 | 7 | 5 0 | 3 2 | 9 | : 5
8 7 | 5 0 | 3 2 | 4 | 6 | 8 7 | : 5
6 8 7 | -1 | 5 0 | 3 2 | 4 | : 5
9 | 5 0 | 2 3 4 | 9 | : 5
6 8 7 | 5 0 | 3 2 4 | 8 7 | : 5
7 | 5 0 | 2 3 | 4 | 6 | : 5
9 | 5 0 | 3 2 | 4 | 6 | 9 | : 5
8 | 0 | 2 3 4 | 6 | 8 | : 5
8 9 | 5 0 | 3 2 | 4 | 6 | 9 | : 5
6 8 | -1 | -1 5 0 | 2 3 | : 5
6 8 7 | -1 | 5 0 | 2 3 | 4 | : 5
8 | -1 | -1 5 0 | 2 | 6 | 8 | : 5
6 8 9 | -1 | -1 5 0 | 3 2 | : 5
9 | 5 0 | 1 | 3 2 | : 4
10 | 5 0 | 3 2 4 | 6 | -1 | : 4
8 | 5 0 | 2 | : 4
6 8 7 | -1 | 5 0 | 3 2 4 | : 4
8 10 11 | 5 0 | 3 2 4 | 6 | 9 | : 4
9 10 | 5 0 | 3 2 | 6 | 9 | : 4
9 8 | 5 0 | 2 3 4 | 6 | : 4
8 7 | -1 2 | 0 | 2 3 | 4 | 6 | 8 7 | : 4
8 7 | 0 | 1 | 2 3 | 4 | 6 | 8 | : 4
9 | 7 | 5 0 | 3 2 | : 4
8 7 | 8 | 0 | 2 3 4 | 6 | : 4
9 10 11 8 | 5 0 | 3 2 | 6 | 9 11 | : 4
8 | 7 | 5 0 | 3 2 | 6 | : 4
8 9 | 9 | 5 0 | 2 3 4 | 6 | 9 | : 4
9 8 | 7 | 5 0 | 2 3 | 4 | 6 | 9 | : 4
8 7 | -1 2 | 0 | 2 3 | 6 | : 4
6 8 | -1 | -1 5 0 | 2 3 | 4 | : 4
8 | -1 | -1 5 0 | 2 | : 4
8 7 | 8 | 0 | 3 2 | 4 | 6 | : 4
8 10 11 | 5 0 | 3 2 | 6 | 9 | : 4
8 | 5 0 | 3 2 4 | : 4
8 9 | 7 | 5 0 | 3 2 | 6 | 9 | : 4
8 | 5 0 | 3 2 | 4 | 6 | 8 | : 3
5 0 | 3 2 | 3 2 4 | : 3
9 | 5 0 | 2 3 4 | 6 | 9 | : 3
8 9 | -1 | -1 5 0 | 2 3 4 | 6 | 9 | : 3
8 7 | -1 | 0 | 3 2 4 | 6 | 8 | : 3
8 9 | 7 | 0 | 3 2 4 | 6 | 9 | : 3
9 | 5 0 | 3 2 4 | 6 | 9 | : 3
8 | 9 | 0 | 3 2 | 6 | : 3
8 10 9 | 0 | 3 2 4 | 6 | -1 | 9 | : 3
6 8 9 | 5 0 | 2 3 4 | : 3
6 8 | 5 | -1 5 0 | 2 3 | : 3
9 10 | 0 | 2 3 4 | 6 | -1 | 9 | : 3
8 7 | 0 | 1 | 2 3 | 4 | 6 | 8 7 | : 3
9 11 8 | 5 0 | 3 2 | 6 | 9 11 | : 3
9 | 5 0 | 2 3 | : 3
5 0 | 1 | 3 2 4 | : 3
8 9 | 9 | 5 0 | 2 | 6 | 9 | : 3
8 9 | 5 0 | 3 2 | 4 | 6 | : 3
9 | 5 0 | 3 2 | 6 | : 3
10 8 | 0 | 3 2 | 6 | -1 | : 3
9 | 5 0 | 3 2 | 4 | : 3
6 8 7 | -1 | -1 5 0 | 2 3 | 8 7 | : 3
8 7 | 5 0 | 3 2 | 4 | 6 | 8 | : 3
8 9 | 0 | 2 3 | 4 | 6 | 9 | : 3
9 | 5 0 | 3 2 | 4 | 9 | : 3
9 8 | 5 0 | 3 2 4 | 6 | 9 | : 2
8 10 9 | 0 | 3 2 | 6 | -1 | 9 | : 2
8 | 5 0 | 2 | 6 | 8 | : 2
8 7 | -1 | 5 0 | 3 2 | 4 | 6 | : 2
8 | 5 0 | 1 | 2 3 4 | 6 | 8 | : 2
8 7 | 4 | 0 | 2 3 | 4 | 6 | 8 | : 2
6 8 9 | 9 | 5 0 | 3 2 | : 2
8 9 | 7 | 0 | 2 3 4 | 6 | 9 | : 2
8 10 | 5 0 | 3 2 | 6 | -1 | : 2
10 8 | 5 0 | 2 3 4 | 6 | -1 | : 2
8 7 | 0 | 3 2 | 4 | 6 | 8 | : 2
9 10 | 0 | 3 2 | 6 | -1 | 9 | : 2
8 7 | 8 | 5 0 | 3 2 4 | 6 | 8 7 | : 2
9 | 5 0 | 2 | : 2
8 9 | 0 | 3 2 | 6 | 9 | : 2
6 8 9 | 5 0 | 2 3 | : 2
-1 | -1 5 0 | 2 3 4 | : 2
8 9 | 9 | 5 0 | 2 | 6 | : 2
8 | 5 | -1 5 0 | 3 2 | : 2
8 10 | 5 0 | 2 3 4 | 6 | -1 | : 2
8 7 | 5 0 | 3 2 | 6 | 8 | : 2
8 7 | 5 0 | 2 3 | 6 | 8 | : 2
8 | 5 | -1 5 0 | 3 2 4 | 6 | : 2
8 9 | 0 | 3 2 4 | 6 | 9 | : 2
9 8 | 5 0 | 3 2 | 6 | : 2
6 8 | 5 0 | 3 2 4 | 8 | : 2
9 10 11 | 5 0 | 1 | 3 2 | 6 | 9 11 | : 2
8 10 | 5 | 0 | 3 2 4 | 6 | -1 | : 2
9 10 8 | 5 0 | 3 2 4 | 6 | 9 | : 2
6 8 7 | -1 | -1 5 0 | 2 3 | : 2
10 11 | 5 | -1 5 0 | 2 | 6 | 11 | : 2
10 8 | 5 0 | 3 2 4 | 6 | : 2
5 | 5 0 | 3 2 | : 2
8 10 | 7 | 5 | 0 | 3 2 4 | 6 | -1 | : 2
8 9 10 | 5 0 | 3 2 | 6 | : 2
8 10 9 | 0 | 2 3 | 6 | -1 | 9 | : 2
8 | -1 | -1 5 0 | 3 2 4 | 6 | : 2
8 7 | 5 0 | 2 | 6 | : 2
8 | 5 0 | 2 3 | : 2
8 9 | 9 | 5 0 | 3 2 4 | 6 | 9 | : 2
8 7 | 5 | -1 5 0 | 3 2 4 | 6 | 8 7 | : 2
8 7 | 5 0 | 2 3 | 4 | 6 | 8 | : 2
6 8 9 | 5 0 | 2 | 9 | : 2
10 8 | 0 | 3 2 | 4 | 6 | -1 | : 2
-1 | 5 | -1 5 0 | 3 2 | : 2
8 7 | 5 0 | 3 2 4 | 6 | 8 | : 2
8 | 5 | 0 | 3 2 4 | 6 | : 2
8 7 | -1 | 5 0 | 2 3 4 | 6 | 8 7 | : 2
9 10 | 5 | -1 5 0 | 3 2 | 6 | 9 | : 2
5 | 5 | -1 5 0 | 3 2 | : 2
9 10 11 8 | 5 0 | 1 | 3 2 | 6 | 9 11 | : 2
5 | 5 | -1 5 0 | 2 | : 2
10 | 5 0 | 3 2 4 | 6 | : 2
8 | 9 | 5 0 | 3 2 | 4 | 6 | : 1
9 | 5 0 | 2 | 6 | 9 | : 1
8 9 | 5 0 | 2 | 6 | : 1
5 0 | 3 2 | 2 3 4 | : 1
10 8 | 7 | 5 0 | 2 3 | 4 | 6 | -1 | : 1
8 9 | 9 | 5 0 | 3 2 | 6 | : 1
8 7 | 5 | 0 | 2 3 4 | 6 | : 1
9 | 5 0 | 2 3 | 6 | 9 | : 1
8 11 | 5 0 | 3 2 | 6 | : 1
8 | 9 | 5 0 | 2 3 4 | 6 | : 1
8 7 | 4 | 5 0 | 3 2 | 6 | 8 7 | : 1
10 11 8 | 5 0 | 3 2 4 | 6 | : 1
10 | 5 0 | 2 | 6 | : 1
9 10 11 | 5 | -1 5 0 | 2 | 6 | 9 11 | : 1
9 11 10 8 | 5 0 | 3 2 | 6 | 9 11 | : 1
6 8 7 | -1 | 5 0 | 3 2 | 3 2 4 | : 1
6 8 9 | 5 0 | 1 | 3 2 | : 1
9 8 | 0 | 2 3 4 | 6 | 9 | : 1
8 | 5 0 | 2 3 4 | : 1
5 0 | 1 | 2 3 4 | : 1
10 | 5 0 | 3 2 | 6 | -1 | : 1
9 | 5 0 | 2 3 | 4 | 9 | : 1
10 | 0 | 3 2 | 6 | -1 | : 1
8 10 9 | 0 | 2 3 4 | 6 | -1 | 9 | : 1
9 8 | 7 | 5 0 | 3 2 | 4 | 6 | 9 | : 1
6 8 9 | 5 0 | 1 | 3 2 | 9 | : 1
6 8 9 | -1 | -1 5 0 | 2 3 | 9 | : 1
8 10 | 0 | 3 2 | 6 | -1 | : 1
8 7 | 5 | -1 5 0 | 3 2 | 6 | 8 7 | : 1
8 7 | 8 | 5 0 | 3 2 | 6 | 8 7 | : 1
8 10 | 7 | 0 | 2 3 4 | 6 | -1 | : 1
6 8 9 | 5 0 | 1 | 3 2 4 | : 1
9 8 | 5 0 | 2 3 4 | 6 | 9 | : 1
5 | -1 5 0 | 2 | : 1
9 10 11 | 5 | -1 5 0 | 3 2 | 6 | 9 11 | : 1
8 9 | 5 0 | 2 3 4 | 6 | 8 | : 1
8 | 0 | 2 | 6 | : 1
8 7 | 5 0 | 3 2 4 | : 1
-1 | 5 0 | 2 3 | 4 | : 1
5 0 | 3 2 | 3 2 | : 1
8 7 | -1 | 0 | 2 3 | 6 | 8 | : 1
8 7 | 8 | 0 | 3 2 | 6 | 8 | : 1
9 8 | 7 | 5 0 | 3 2 | 6 | 9 | : 1
8 9 | 5 0 | 1 | 3 2 | 6 | 9 | : 1
6 8 7 | 5 0 | 3 2 | 4 | 8 7 | : 1
6 8 | -1 | 5 0 | 2 3 4 | : 1
8 9 10 | 5 0 | 3 2 | 6 | -1 | 9 | : 1
8 7 | -1 | 0 | 3 2 | 2 3 4 | 6 | 8 | : 1
9 8 | 9 | 5 0 | 3 2 | 4 | 6 | 9 | : 1
9 | 5 0 | 2 | 9 | : 1
8 10 9 | 5 0 | 3 2 | 6 | -1 | 9 | : 1
9 11 | 5 0 | 3 2 | 6 | 9 | : 1
5 0 | 3 2 | 3 2 | 4 | : 1
8 9 | 5 0 | 2 3 | 6 | : 1
8 7 | 0 | 1 | 2 3 4 | 6 | 8 7 | : 1
8 7 | -1 2 | 5 0 | 2 3 | 4 | 6 | 8 | : 1
8 10 | 5 0 | 3 2 | 4 | 6 | : 1
9 | 5 0 | 1 | 3 2 | 6 | : 1
8 7 | 4 | 0 | 2 3 4 | 6 | 8 | : 1
8 10 | 5 0 | 3 2 4 | 6 | : 1
8 7 | 4 | 0 | 3 2 | 6 | 8 | : 1
8 7 | -1 | 5 0 | 2 3 | 4 | 6 | 8 | : 1
8 10 | 5 0 | 3 2 4 | 6 | 8 | : 1
6 8 | -1 | -1 5 0 | 2 3 4 | : 1
10 8 | 5 | 0 | 3 2 4 | 6 | -1 | : 1
8 | 5 | 0 | 3 2 | 4 | 6 | : 1
10 | 0 | 2 3 4 | 6 | -1 | : 1
9 10 | 5 0 | 3 2 | 6 | : 1
8 9 | 7 | 9 | 5 0 | 3 2 | 6 | 9 | : 1
8 | 5 | -1 5 0 | 3 2 4 | : 1
9 10 | 0 | 3 2 4 | 6 | -1 | 9 | : 1
9 | 7 | 5 0 | 3 2 4 | 6 | 9 | : 1
10 11 | 5 | -1 5 0 | 2 | 6 | 9 | : 1
6 8 9 | 9 | 5 0 | 3 2 | 9 | : 1
8 9 | 0 | 3 2 | 4 | 6 | 9 | : 1
8 7 | 5 0 | 2 3 | : 1
9 10 | 5 0 | 1 | 3 2 | 6 | 9 | : 1
6 8 9 | -1 | -1 5 0 | 3 2 | 9 | : 1
8 9 10 | 5 0 | 2 3 4 | 6 | : 1
9 10 | 5 0 | 3 2 4 | 6 | : 1
8 7 | -1 | 0 | 3 2 | 4 | 6 | : 1
6 8 9 | 5 0 | 1 | 3 2 4 | 9 | : 1
10 8 | 5 0 | 3 2 | 6 | -1 | : 1
10 11 8 | 5 | -1 5 0 | 2 | 6 | 11 | : 1
8 9 10 | 5 0 | 3 2 4 | 6 | -1 | 9 | : 1
6 8 | 5 | -1 5 0 | 3 2 4 | : 1
8 9 | 7 | 5 | 0 | 3 2 4 | 6 | 9 | : 1
10 8 | 7 | 5 | 0 | 2 3 | 6 | -1 | : 1
6 8 7 | 8 | 5 0 | 3 2 | 8 7 | : 1
8 10 | 0 | 3 2 4 | 6 | -1 | : 1
8 9 | 7 | 5 0 | 2 3 | 4 | 6 | 9 | : 1
10 | 0 | 3 2 4 | 6 | -1 | : 1
8 | 9 | 0 | 3 2 | 4 | 6 | : 1
9 | 9 | 5 0 | 3 2 4 | 9 | : 1
8 7 | -1 | -1 5 0 | 3 2 4 | 6 | : 1
9 8 | 9 | 5 0 | 3 2 | 6 | 9 | : 1
9 | 5 0 | 3 2 4 | 6 | : 1
9 10 | 5 0 | 3 2 | 6 | -1 | 9 | : 1
10 | 5 | -1 5 0 | 2 | 6 | : 1
8 7 | 4 | 5 0 | 3 2 | 6 | 8 | : 1
9 | 7 | 5 0 | 2 3 4 | : 1
8 10 9 | 5 0 | 2 3 | 6 | -1 | 9 | : 1
8 7 | -1 | 0 | 3 2 | 6 | : 1
5 | 3 2 | : 1
8 10 9 | 5 0 | 3 2 | 6 | 9 | : 1
8 9 | 5 0 | 3 2 | 3 2 4 | 6 | : 1
9 | 5 0 | 3 2 | 3 2 | 9 | : 1
8 7 | 8 | 0 | 3 2 4 | 6 | 8 | : 1
8 9 | 7 | 5 0 | 3 2 | 4 | 6 | 9 | : 1
5 | 5 0 | 2 | : 1
8 10 11 | 5 0 | 3 2 | 6 | : 1
9 10 11 | 5 0 | 3 2 | 6 | -1 | 9 11 | : 1
9 11 | 5 0 | 3 2 | 6 | 9 11 | : 1
8 7 | -1 | 5 0 | 3 2 4 | 6 | : 1
