1		7835	3.89403900080461
2		2089	3.31993843998031
3		1485	3.17172645365323
4		1320	3.12057393120585
5		1211	3.08314414314305
6		1007	3.00302947055362
7		668	2.82477646247555
8		650	2.81291335664286
9		522	2.71767050300226
10		493	2.69284691927723
11		415	2.61804809671209
12		327	2.51454775266029
13		284	2.45331834004704
14		276	2.44090908206522
15		274	2.43775056282039
16		226	2.3541084391474
17		210	2.32221929473392
18		183	2.26245108973043
19		181	2.25767857486918
20		176	2.24551266781415
21		153	2.1846914308176
22		150	2.17609125905568
23		145	2.16136800223497
24		129	2.11058971029925
25		128	2.10720996964787
26		125	2.09691001300806
27		122	2.08635983067475
28		120	2.07918124604762
29		118	2.07188200730613
30		109	2.03742649794062
31		106	2.02530586526477
32		106	2.02530586526477
33		106	2.02530586526477
34		103	2.01283722470517
35		93	1.96848294855394
36		92	1.96378782734556
37		92	1.96378782734556
38		85	1.92941892571429
39		83	1.91907809237607
40		80	1.90308998699194
41		77	1.88649072517248
42		75	1.8750612633917
43		74	1.86923171973098
44		73	1.86332286012046
45		71	1.85125834871908
46		71	1.85125834871908
47		70	1.84509804001426
48		66	1.81954393554187
49		65	1.81291335664286
50		60	1.77815125038364
51		59	1.77085201164214
52		52	1.7160033436348
53		51	1.70757017609794
54		48	1.68124123737559
55		48	1.68124123737559
56		47	1.67209785793572
57		47	1.67209785793572
58		47	1.67209785793572
59		45	1.65321251377534
60		45	1.65321251377534
61		42	1.6232492903979
62		40	1.60205999132796
63		39	1.5910646070265
64		37	1.56820172406699
65		36	1.55630250076729
66		35	1.54406804435028
67		34	1.53147891704226
68		33	1.51851393987789
69		32	1.50514997831991
70		32	1.50514997831991
71		31	1.49136169383427
72		30	1.47712125471966
73		30	1.47712125471966
74		30	1.47712125471966
75		30	1.47712125471966
76		28	1.44715803134222
77		28	1.44715803134222
78		28	1.44715803134222
79		27	1.43136376415899
80		26	1.41497334797082
81		25	1.39794000867204
82		25	1.39794000867204
83		25	1.39794000867204
84		25	1.39794000867204
85		23	1.36172783601759
86		22	1.34242268082221
87		21	1.32221929473392
88		21	1.32221929473392
89		20	1.30102999566398
90		19	1.27875360095283
91		18	1.25527250510331
92		17	1.23044892137827
93		17	1.23044892137827
94		16	1.20411998265592
95		15	1.17609125905568
96		14	1.14612803567824
97		14	1.14612803567824
98		14	1.14612803567824
99		14	1.14612803567824
100		13	1.11394335230684
101		12	1.07918124604762
102		12	1.07918124604762
103		12	1.07918124604762
104		12	1.07918124604762
105		12	1.07918124604762
106		12	1.07918124604762
107		11	1.04139268515823
108		11	1.04139268515823
109		11	1.04139268515823
110		11	1.04139268515823
111		11	1.04139268515823
112		10	1
113		10	1
114		10	1
115		10	1
116		9	0.954242509439325
117		9	0.954242509439325
118		9	0.954242509439325
119		9	0.954242509439325
120		8	0.903089986991943
121		8	0.903089986991943
122		8	0.903089986991943
123		8	0.903089986991943
124		8	0.903089986991943
125		8	0.903089986991943
126		7	0.845098040014257
127		7	0.845098040014257
128		7	0.845098040014257
129		7	0.845098040014257
130		6	0.778151250383644
131		6	0.778151250383644
132		6	0.778151250383644
133		6	0.778151250383644
134		6	0.778151250383644
135		6	0.778151250383644
136		6	0.778151250383644
137		6	0.778151250383644
138		6	0.778151250383644
139		5	0.698970004336019
140		5	0.698970004336019
141		5	0.698970004336019
142		5	0.698970004336019
143		5	0.698970004336019
144		5	0.698970004336019
145		5	0.698970004336019
146		5	0.698970004336019
147		5	0.698970004336019
148		5	0.698970004336019
149		4	0.602059991327962
150		4	0.602059991327962
151		4	0.602059991327962
152		4	0.602059991327962
153		4	0.602059991327962
154		4	0.602059991327962
155		4	0.602059991327962
156		4	0.602059991327962
157		4	0.602059991327962
158		4	0.602059991327962
159		4	0.602059991327962
160		4	0.602059991327962
161		4	0.602059991327962
162		4	0.602059991327962
163		4	0.602059991327962
164		4	0.602059991327962
165		4	0.602059991327962
166		4	0.602059991327962
167		4	0.602059991327962
168		4	0.602059991327962
169		3	0.477121254719662
170		3	0.477121254719662
171		3	0.477121254719662
172		3	0.477121254719662
173		3	0.477121254719662
174		3	0.477121254719662
175		3	0.477121254719662
176		3	0.477121254719662
177		3	0.477121254719662
178		3	0.477121254719662
179		3	0.477121254719662
180		3	0.477121254719662
181		3	0.477121254719662
182		3	0.477121254719662
183		3	0.477121254719662
184		3	0.477121254719662
185		3	0.477121254719662
186		3	0.477121254719662
187		2	0.301029995663981
188		2	0.301029995663981
189		2	0.301029995663981
190		2	0.301029995663981
191		2	0.301029995663981
192		2	0.301029995663981
193		2	0.301029995663981
194		2	0.301029995663981
195		2	0.301029995663981
196		2	0.301029995663981
197		2	0.301029995663981
198		2	0.301029995663981
199		2	0.301029995663981
200		2	0.301029995663981
201		2	0.301029995663981
202		2	0.301029995663981
203		2	0.301029995663981
204		2	0.301029995663981
205		2	0.301029995663981
206		2	0.301029995663981
207		2	0.301029995663981
208		2	0.301029995663981
209		2	0.301029995663981
210		2	0.301029995663981
211		2	0.301029995663981
212		2	0.301029995663981
213		2	0.301029995663981
214		2	0.301029995663981
215		2	0.301029995663981
216		2	0.301029995663981
217		2	0.301029995663981
218		2	0.301029995663981
219		2	0.301029995663981
220		2	0.301029995663981
221		2	0.301029995663981
222		2	0.301029995663981
223		2	0.301029995663981
224		2	0.301029995663981
225		2	0.301029995663981
226		2	0.301029995663981
227		2	0.301029995663981
228		2	0.301029995663981
229		2	0.301029995663981
230		2	0.301029995663981
231		2	0.301029995663981
232		2	0.301029995663981
233		1	0
234		1	0
235		1	0
236		1	0
237		1	0
238		1	0
239		1	0
240		1	0
241		1	0
242		1	0
243		1	0
244		1	0
245		1	0
246		1	0
247		1	0
248		1	0
249		1	0
250		1	0
251		1	0
252		1	0
253		1	0
254		1	0
255		1	0
256		1	0
257		1	0
258		1	0
259		1	0
260		1	0
261		1	0
262		1	0
263		1	0
264		1	0
265		1	0
266		1	0
267		1	0
268		1	0
269		1	0
270		1	0
271		1	0
272		1	0
273		1	0
274		1	0
275		1	0
276		1	0
277		1	0
278		1	0
279		1	0
280		1	0
281		1	0
282		1	0
283		1	0
284		1	0
285		1	0
286		1	0
287		1	0
288		1	0
289		1	0
290		1	0
291		1	0
292		1	0
293		1	0
294		1	0
295		1	0
296		1	0
297		1	0
298		1	0
299		1	0
300		1	0
301		1	0
302		1	0
303		1	0
304		1	0
305		1	0
306		1	0
307		1	0
308		1	0
309		1	0
310		1	0
311		1	0
312		1	0
313		1	0
314		1	0
315		1	0
316		1	0
317		1	0
318		1	0
319		1	0
320		1	0
321		1	0
322		1	0
323		1	0
324		1	0
325		1	0
326		1	0
327		1	0
328		1	0
329		1	0
